ARCHIVO ORIGINAL

5981 3569 5353 4087 2653 2058 2218 5354 5306 3135 4088 4869 2958 2959 5732 4076 4155 291 
5983 1165 3836 4361 1282 716 4289 4646 6300 5084 2397 4454 1913 5861 5485 6294 
5985 3233 2254 212 2023 2728 2557 3805 5716 2650 1265 3594 4654 6359 4454 2249 5874 2184 4236 505 
6294 4898 1127 3220 859 2664 5736 533 4454 6066 4601 5652 4603 2399 3518 
271 4935 5716 4309 3829 5794 3405 4929 1449 2940 
271 1935 516 2439 4382 9574 3305 5929 
3518 5409 


PRIMERA EJECUCION 

ORIGEN: 5983
DESTINO: 5861

DDR ORIGINAL

[(5981, ([3569, 5353, 4087, 2653, 2058, 2218, 5354, 5306, 3135, 4088, 4869, 2958, 2959, 5732, 4076, 4155, 291], 9999, 'WHITE')),
 (5983, ([1165, 3836, 4361, 1282, 716, 4289, 4646, 6300, 5084, 2397, 4454, 1913, 5861, 5485, 6294], 0, 'GRAY')),
 (5985, ([3233, 2254, 212, 2023, 2728, 2557, 3805, 5716, 2650, 1265, 3594, 4654, 6359, 4454, 2249, 5874, 2184, 4236, 505], 9999, 'WHITE')),
 (6294, ([4898, 1127, 3220, 859, 2664, 5736, 533, 4454, 6066, 4601, 5652, 4603, 2399, 3518], 9999, 'WHITE')),
 (271, ([4935, 5716, 4309, 3829, 5794, 3405, 4929, 1449, 2940], 9999, 'WHITE')),
 (271, ([1935, 516, 2439, 4382, 9574, 3305, 5929], 9999, 'WHITE')),
 (3518, ([5409], 9999, 'WHITE'))]

PROCESADO CON UNA PASADA (DDR MODIFICADO ENCONTRANDO EL ID DESTINO)

[(5981, ([3569, 5353, 4087, 2653, 2058, 2218, 5354, 5306, 3135, 4088, 4869, 2958, 2959, 5732, 4076, 4155, 291], 9999, 'WHITE')),
 (1165, ([], 1, 'GRAY')),
 (3836, ([], 1, 'GRAY')),
 (4361, ([], 1, 'GRAY')),
 (1282, ([], 1, 'GRAY')),
 (716, ([], 1, 'GRAY')),
 (4289, ([], 1, 'GRAY')),
 (4646, ([], 1, 'GRAY')),
 (6300, ([], 1, 'GRAY')),
 (5084, ([], 1, 'GRAY')),
 (2397, ([], 1, 'GRAY')),
 (4454, ([], 1, 'GRAY')),
 (1913, ([], 1, 'GRAY')),
 (5861, ([], 1, 'GRAY')),
 (5485, ([], 1, 'GRAY')),
 (6294, ([], 1, 'GRAY')),
 (5983, ([1165, 3836, 4361, 1282, 716, 4289, 4646, 6300, 5084, 2397, 4454, 1913, 5861, 5485, 6294], 0, 'BLACK')),
 (5985, ([3233, 2254, 212, 2023, 2728, 2557, 3805, 5716, 2650, 1265, 3594, 4654, 6359, 4454, 2249, 5874, 2184, 4236, 505], 9999, 'WHITE')),
 (6294, ([4898, 1127, 3220, 859, 2664, 5736, 533, 4454, 6066, 4601, 5652, 4603, 2399, 3518], 9999, 'WHITE')),
 (271, ([4935, 5716, 4309, 3829, 5794, 3405, 4929, 1449, 2940], 9999, 'WHITE')),
 (271, ([1935, 516, 2439, 4382, 9574, 3305, 5929], 9999, 'WHITE')),
 (3518, ([5409], 9999, 'WHITE'))]

SEGUNDA EJECUCION

ORIGEN: 5983
DESTINO: 4603

DDR ORIGINAL

[(5981, ([3569, 5353, 4087, 2653, 2058, 2218, 5354, 5306, 3135, 4088, 4869, 2958, 2959, 5732, 4076, 4155, 291], 9999, 'WHITE')),
 (5983, ([1165, 3836, 4361, 1282, 716, 4289, 4646, 6300, 5084, 2397, 4454, 1913, 5861, 5485, 6294], 0, 'GRAY')),
 (5985, ([3233, 2254, 212, 2023, 2728, 2557, 3805, 5716, 2650, 1265, 3594, 4654, 6359, 4454, 2249, 5874, 2184, 4236, 505], 9999, 'WHITE')),
 (6294, ([4898, 1127, 3220, 859, 2664, 5736, 533, 4454, 6066, 4601, 5652, 4603, 2399, 3518], 9999, 'WHITE')),
 (271, ([4935, 5716, 4309, 3829, 5794, 3405, 4929, 1449, 2940], 9999, 'WHITE')),
 (271, ([1935, 516, 2439, 4382, 9574, 3305, 5929], 9999, 'WHITE')),
 (3518, ([5409], 9999, 'WHITE'))]

PROCESADO CON UNA PASADA (DDR MODIFICADO SIN ENCONTRAR EL ID DESTINO)

[(5981, ([3569, 5353, 4087, 2653, 2058, 2218, 5354, 5306, 3135, 4088, 4869, 2958, 2959, 5732, 4076, 4155, 291], 9999, 'WHITE')),
 (1165, ([], 1, 'GRAY')),
 (3836, ([], 1, 'GRAY')),
 (4361, ([], 1, 'GRAY')),
 (1282, ([], 1, 'GRAY')),
 (716, ([], 1, 'GRAY')),
 (4289, ([], 1, 'GRAY')),
 (4646, ([], 1, 'GRAY')),
 (6300, ([], 1, 'GRAY')),
 (5084, ([], 1, 'GRAY')),
 (2397, ([], 1, 'GRAY')),
 (4454, ([], 1, 'GRAY')),
 (1913, ([], 1, 'GRAY')),
 (5861, ([], 1, 'GRAY')),
 (5485, ([], 1, 'GRAY')),
 (6294, ([], 1, 'GRAY')),
 (5983, ([1165, 3836, 4361, 1282, 716, 4289, 4646, 6300, 5084, 2397, 4454, 1913, 5861, 5485, 6294], 0, 'BLACK')),
 (5985, ([3233, 2254, 212, 2023, 2728, 2557, 3805, 5716, 2650, 1265, 3594, 4654, 6359, 4454, 2249, 5874, 2184, 4236, 505], 9999, 'WHITE')),
 (6294, ([4898, 1127, 3220, 859, 2664, 5736, 533, 4454, 6066, 4601, 5652, 4603, 2399, 3518], 9999, 'WHITE')),
 (271, ([4935, 5716, 4309, 3829, 5794, 3405, 4929, 1449, 2940], 9999, 'WHITE')),
 (271, ([1935, 516, 2439, 4382, 9574, 3305, 5929], 9999, 'WHITE')),
 (3518, ([5409], 9999, 'WHITE'))]

ELIMINA LOS ID SIN SUBLISTAS QUE TIENEN IDS CON SUBLISTAS
EN EL ARCHIVO ORIGINAL TODOS LOS IDs SIN SUBLISTAS DEBERIAN DE TENER IDs CON SUBLISTAS
POR LO QUE DEBERIAN DE ELIMINARSE TODOS LOS ELEMENTOS SIN SUBLISTAS
EN ESTE CASO SE ELIMINO EL ID 6294

[(5981, ([3569, 5353, 4087, 2653, 2058, 2218, 5354, 5306, 3135, 4088, 4869, 2958, 2959, 5732, 4076, 4155, 291], 9999, 'WHITE')),
 (1165, ([], 1, 'GRAY')),
 (3836, ([], 1, 'GRAY')),
 (4361, ([], 1, 'GRAY')),
 (1282, ([], 1, 'GRAY')),
 (716, ([], 1, 'GRAY')),
 (4289, ([], 1, 'GRAY')),
 (4646, ([], 1, 'GRAY')),
 (6300, ([], 1, 'GRAY')),
 (5084, ([], 1, 'GRAY')),
 (2397, ([], 1, 'GRAY')),
 (4454, ([], 1, 'GRAY')),
 (1913, ([], 1, 'GRAY')),
 (5861, ([], 1, 'GRAY')),
 (5485, ([], 1, 'GRAY')),
 (6294, ([4898, 1127, 3220, 859, 2664, 5736, 533, 4454, 6066, 4601, 5652, 4603, 2399, 3518], 1, 'GRAY')),
 (5983, ([1165, 3836, 4361, 1282, 716, 4289, 4646, 6300, 5084, 2397, 4454, 1913, 5861, 5485, 6294], 0, 'BLACK')),
 (5985, ([3233, 2254, 212, 2023, 2728, 2557, 3805, 5716, 2650, 1265, 3594, 4654, 6359, 4454, 2249, 5874, 2184, 4236, 505], 9999, 'WHITE')),
 (271, ([4935, 5716, 4309, 3829, 5794, 3405, 4929, 1449, 2940, 1935, 516, 2439, 4382, 9574, 3305, 5929], 9999, 'WHITE')),
 (3518, ([5409], 9999, 'WHITE'))]

PROCESANDO CON UNA SEGUNDA PASADA (DDR MODIFICADO ENCONTRANDO EL ID DESTINO)

[(5981, ([3569, 5353, 4087, 2653, 2058, 2218, 5354, 5306, 3135, 4088, 4869, 2958, 2959, 5732, 4076, 4155, 291], 9999, 'WHITE')),
 (1165, ([], 1, 'BLACK')),
 (3836, ([], 1, 'BLACK')),
 (4361, ([], 1, 'BLACK')),
 (1282, ([], 1, 'BLACK')),
 (716, ([], 1, 'BLACK')),
 (4289, ([], 1, 'BLACK')),
 (4646, ([], 1, 'BLACK')),
 (6300, ([], 1, 'BLACK')),
 (5084, ([], 1, 'BLACK')),
 (2397, ([], 1, 'BLACK')),
 (4454, ([], 1, 'BLACK')),
 (1913, ([], 1, 'BLACK')),
 (5861, ([], 1, 'BLACK')),
 (5485, ([], 1, 'BLACK')),
 (4898, ([], 2, 'GRAY')),
 (1127, ([], 2, 'GRAY')),
 (3220, ([], 2, 'GRAY')),
 (859, ([], 2, 'GRAY')),
 (2664, ([], 2, 'GRAY')),
 (5736, ([], 2, 'GRAY')),
 (533, ([], 2, 'GRAY')),
 (4454, ([], 2, 'GRAY')),
 (6066, ([], 2, 'GRAY')),
 (4601, ([], 2, 'GRAY')),
 (5652, ([], 2, 'GRAY')),
 (4603, ([], 2, 'GRAY')),
 (2399, ([], 2, 'GRAY')),
 (3518, ([], 2, 'GRAY')),
 (6294, ([4898, 1127, 3220, 859, 2664, 5736, 533, 4454, 6066, 4601, 5652, 4603, 2399, 3518], 1, 'BLACK')),
 (5983, ([1165, 3836, 4361, 1282, 716, 4289, 4646, 6300, 5084, 2397, 4454, 1913, 5861, 5485, 6294], 0, 'BLACK')),
 (5985, ([3233, 2254, 212, 2023, 2728, 2557, 3805, 5716, 2650, 1265, 3594, 4654, 6359, 4454, 2249, 5874, 2184, 4236, 505], 9999, 'WHITE')),
 (271, ([4935, 5716, 4309, 3829, 5794, 3405, 4929, 1449, 2940, 1935, 516, 2439, 4382, 9574, 3305, 5929], 9999, 'WHITE')),
 (3518, ([5409], 9999, 'WHITE'))]


TERCERA EJECUCION

ORIGEN: 5983
DESTINO: 5409

DDR ORIGINAL

[(5981, ([3569, 5353, 4087, 2653, 2058, 2218, 5354, 5306, 3135, 4088, 4869, 2958, 2959, 5732, 4076, 4155, 291], 9999, 'WHITE')),
 (5983, ([1165, 3836, 4361, 1282, 716, 4289, 4646, 6300, 5084, 2397, 4454, 1913, 5861, 5485, 6294], 0, 'GRAY')),
 (5985, ([3233, 2254, 212, 2023, 2728, 2557, 3805, 5716, 2650, 1265, 3594, 4654, 6359, 4454, 2249, 5874, 2184, 4236, 505], 9999, 'WHITE')),
 (6294, ([4898, 1127, 3220, 859, 2664, 5736, 533, 4454, 6066, 4601, 5652, 4603, 2399, 3518], 9999, 'WHITE')),
 (271, ([4935, 5716, 4309, 3829, 5794, 3405, 4929, 1449, 2940], 9999, 'WHITE')),
 (271, ([1935, 516, 2439, 4382, 9574, 3305, 5929], 9999, 'WHITE')),
 (3518, ([5409], 9999, 'WHITE'))]

PROCESADO CON UNA PASADA (DDR MODIFICADO SIN ENCONTRAR EL ID DESTINO)

[(5981, ([3569, 5353, 4087, 2653, 2058, 2218, 5354, 5306, 3135, 4088, 4869, 2958, 2959, 5732, 4076, 4155, 291], 9999, 'WHITE')),
 (1165, ([], 1, 'GRAY')),
 (3836, ([], 1, 'GRAY')),
 (4361, ([], 1, 'GRAY')),
 (1282, ([], 1, 'GRAY')),
 (716, ([], 1, 'GRAY')),
 (4289, ([], 1, 'GRAY')),
 (4646, ([], 1, 'GRAY')),
 (6300, ([], 1, 'GRAY')),
 (5084, ([], 1, 'GRAY')),
 (2397, ([], 1, 'GRAY')),
 (4454, ([], 1, 'GRAY')),
 (1913, ([], 1, 'GRAY')),
 (5861, ([], 1, 'GRAY')),
 (5485, ([], 1, 'GRAY')),
 (6294, ([], 1, 'GRAY')),
 (5983, ([1165, 3836, 4361, 1282, 716, 4289, 4646, 6300, 5084, 2397, 4454, 1913, 5861, 5485, 6294], 0, 'BLACK')),
 (5985, ([3233, 2254, 212, 2023, 2728, 2557, 3805, 5716, 2650, 1265, 3594, 4654, 6359, 4454, 2249, 5874, 2184, 4236, 505], 9999, 'WHITE')),
 (6294, ([4898, 1127, 3220, 859, 2664, 5736, 533, 4454, 6066, 4601, 5652, 4603, 2399, 3518], 9999, 'WHITE')),
 (271, ([4935, 5716, 4309, 3829, 5794, 3405, 4929, 1449, 2940], 9999, 'WHITE')),
 (271, ([1935, 516, 2439, 4382, 9574, 3305, 5929], 9999, 'WHITE')),
 (3518, ([5409], 9999, 'WHITE'))]

ELIMINA LOS ID SIN SUBLISTAS QUE TIENEN IDS CON SUBLISTAS
EN EL ARCHIVO ORIGINAL TODOS LOS IDs SIN SUBLISTAS DEBERIAN DE TENER IDs CON SUBLISTAS
POR LO QUE DEBERIAN DE ELIMINARSE TODOS LOS ELEMENTOS SIN SUBLISTAS
EN ESTE CASO SE ELIMINO EL ID 6294 Y SE QUITA LA DUPLICIDAD DEL ID 271
DEJANDO TODOS LOS ID ASOCIADOS EN UNA MISMA LISTA

[(5981, ([3569, 5353, 4087, 2653, 2058, 2218, 5354, 5306, 3135, 4088, 4869, 2958, 2959, 5732, 4076, 4155, 291], 9999, 'WHITE')),
 (1165, ([], 1, 'GRAY')),
 (3836, ([], 1, 'GRAY')),
 (4361, ([], 1, 'GRAY')),
 (1282, ([], 1, 'GRAY')),
 (716, ([], 1, 'GRAY')),
 (4289, ([], 1, 'GRAY')),
 (4646, ([], 1, 'GRAY')),
 (6300, ([], 1, 'GRAY')),
 (5084, ([], 1, 'GRAY')),
 (2397, ([], 1, 'GRAY')),
 (4454, ([], 1, 'GRAY')),
 (1913, ([], 1, 'GRAY')),
 (5861, ([], 1, 'GRAY')),
 (5485, ([], 1, 'GRAY')),
 (6294, ([4898, 1127, 3220, 859, 2664, 5736, 533, 4454, 6066, 4601, 5652, 4603, 2399, 3518], 1, 'GRAY')),
 (5983, ([1165, 3836, 4361, 1282, 716, 4289, 4646, 6300, 5084, 2397, 4454, 1913, 5861, 5485, 6294], 0, 'BLACK')),
 (5985, ([3233, 2254, 212, 2023, 2728, 2557, 3805, 5716, 2650, 1265, 3594, 4654, 6359, 4454, 2249, 5874, 2184, 4236, 505], 9999, 'WHITE')),
 (271, ([4935, 5716, 4309, 3829, 5794, 3405, 4929, 1449, 2940, 1935, 516, 2439, 4382, 9574, 3305, 5929], 9999, 'WHITE')),
 (3518, ([5409], 9999, 'WHITE'))]

PROCESANDO CON UNA SEGUNDA PASADA (DDR MODIFICADO SIN ENCONTRAR EL ID DESTINO)

[(5981, ([3569, 5353, 4087, 2653, 2058, 2218, 5354, 5306, 3135, 4088, 4869, 2958, 2959, 5732, 4076, 4155, 291], 9999, 'WHITE')),
 (1165, ([], 1, 'BLACK')),
 (3836, ([], 1, 'BLACK')),
 (4361, ([], 1, 'BLACK')),
 (1282, ([], 1, 'BLACK')),
 (716, ([], 1, 'BLACK')),
 (4289, ([], 1, 'BLACK')),
 (4646, ([], 1, 'BLACK')),
 (6300, ([], 1, 'BLACK')),
 (5084, ([], 1, 'BLACK')),
 (2397, ([], 1, 'BLACK')),
 (4454, ([], 1, 'BLACK')),
 (1913, ([], 1, 'BLACK')),
 (5861, ([], 1, 'BLACK')),
 (5485, ([], 1, 'BLACK')),
 (4898, ([], 2, 'GRAY')),
 (1127, ([], 2, 'GRAY')),
 (3220, ([], 2, 'GRAY')),
 (859, ([], 2, 'GRAY')),
 (2664, ([], 2, 'GRAY')),
 (5736, ([], 2, 'GRAY')),
 (533, ([], 2, 'GRAY')),
 (4454, ([], 2, 'GRAY')),
 (6066, ([], 2, 'GRAY')),
 (4601, ([], 2, 'GRAY')),
 (5652, ([], 2, 'GRAY')),
 (4603, ([], 2, 'GRAY')),
 (2399, ([], 2, 'GRAY')),
 (3518, ([], 2, 'GRAY')),
 (6294, ([4898, 1127, 3220, 859, 2664, 5736, 533, 4454, 6066, 4601, 5652, 4603, 2399, 3518], 1, 'BLACK')),
 (5983, ([1165, 3836, 4361, 1282, 716, 4289, 4646, 6300, 5084, 2397, 4454, 1913, 5861, 5485, 6294], 0, 'BLACK')),
 (5985, ([3233, 2254, 212, 2023, 2728, 2557, 3805, 5716, 2650, 1265, 3594, 4654, 6359, 4454, 2249, 5874, 2184, 4236, 505], 9999, 'WHITE')),
 (271, ([4935, 5716, 4309, 3829, 5794, 3405, 4929, 1449, 2940, 1935, 516, 2439, 4382, 9574, 3305, 5929], 9999, 'WHITE')),
 (3518, ([5409], 9999, 'WHITE'))]

ELIMINA LOS ID SIN SUBLISTAS QUE TIENEN IDS CON SUBLISTAS
EN EL ARCHIVO ORIGINAL TODOS LOS IDs SIN SUBLISTAS DEBERIAN DE TENER IDs CON SUBLISTAS
POR LO QUE DEBERIAN DE ELIMINARSE TODOS LOS ELEMENTOS SIN SUBLISTAS
EN ESTE CASO SE ELIMINO EL ID 3518

[(5981, ([3569, 5353, 4087, 2653, 2058, 2218, 5354, 5306, 3135, 4088, 4869, 2958, 2959, 5732, 4076, 4155, 291], 9999, 'WHITE')),
 (1165, ([], 1, 'BLACK')),
 (3836, ([], 1, 'BLACK')),
 (4361, ([], 1, 'BLACK')),
 (1282, ([], 1, 'BLACK')),
 (716, ([], 1, 'BLACK')),
 (4289, ([], 1, 'BLACK')),
 (4646, ([], 1, 'BLACK')),
 (6300, ([], 1, 'BLACK')),
 (5084, ([], 1, 'BLACK')),
 (2397, ([], 1, 'BLACK')),
 (4454, ([], 1, 'BLACK')),
 (1913, ([], 1, 'BLACK')),
 (5861, ([], 1, 'BLACK')),
 (5485, ([], 1, 'BLACK')),
 (4898, ([], 2, 'GRAY')),
 (1127, ([], 2, 'GRAY')),
 (3220, ([], 2, 'GRAY')),
 (859, ([], 2, 'GRAY')),
 (2664, ([], 2, 'GRAY')),
 (5736, ([], 2, 'GRAY')),
 (533, ([], 2, 'GRAY')),
 (6066, ([], 2, 'GRAY')),
 (4601, ([], 2, 'GRAY')),
 (5652, ([], 2, 'GRAY')),
 (4603, ([], 2, 'GRAY')),
 (2399, ([], 2, 'GRAY')),
 (3518, ([5409], 2, 'GRAY')),
 (6294, ([4898, 1127, 3220, 859, 2664, 5736, 533, 4454, 6066, 4601, 5652, 4603, 2399, 3518], 1, 'BLACK')),
 (5983, ([1165, 3836, 4361, 1282, 716, 4289, 4646, 6300, 5084, 2397, 4454, 1913, 5861, 5485, 6294], 0, 'BLACK')),
 (5985, ([3233, 2254, 212, 2023, 2728, 2557, 3805, 5716, 2650, 1265, 3594, 4654, 6359, 4454, 2249, 5874, 2184, 4236, 505], 9999, 'WHITE')),
 (271, ([4935, 5716, 4309, 3829, 5794, 3405, 4929, 1449, 2940, 1935, 516, 2439, 4382, 9574, 3305, 5929], 9999, 'WHITE'))]

PROCESANDO CON UNA TERCERA PASADA (DDR MODIFICADO ENCONTRANDO EL ID DESTINO)

[(5981, ([3569, 5353, 4087, 2653, 2058, 2218, 5354, 5306, 3135, 4088, 4869, 2958, 2959, 5732, 4076, 4155, 291], 9999, 'WHITE')),
 (1165, ([], 1, 'BLACK')),
 (3836, ([], 1, 'BLACK')),
 (4361, ([], 1, 'BLACK')),
 (1282, ([], 1, 'BLACK')),
 (716, ([], 1, 'BLACK')),
 (4289, ([], 1, 'BLACK')),
 (4646, ([], 1, 'BLACK')),
 (6300, ([], 1, 'BLACK')),
 (5084, ([], 1, 'BLACK')),
 (2397, ([], 1, 'BLACK')),
 (4454, ([], 1, 'BLACK')),
 (1913, ([], 1, 'BLACK')),
 (5861, ([], 1, 'BLACK')),
 (5485, ([], 1, 'BLACK')),
 (4898, ([], 2, 'BLACK')),
 (1127, ([], 2, 'BLACK')),
 (3220, ([], 2, 'BLACK')),
 (859, ([], 2, 'BLACK')),
 (2664, ([], 2, 'BLACK')),
 (5736, ([], 2, 'BLACK')),
 (533, ([], 2, 'BLACK')),
 (6066, ([], 2, 'BLACK')),
 (4601, ([], 2, 'BLACK')),
 (5652, ([], 2, 'BLACK')),
 (4603, ([], 2, 'BLACK')),
 (2399, ([], 2, 'BLACK')),
 (5409, ([], 3, 'GRAY')),
 (3518, ([5409], 2, 'BLACK')),
 (6294, ([4898, 1127, 3220, 859, 2664, 5736, 533, 4454, 6066, 4601, 5652, 4603, 2399, 3518], 1, 'BLACK')),
 (5983, ([1165, 3836, 4361, 1282, 716, 4289, 4646, 6300, 5084, 2397, 4454, 1913, 5861, 5485, 6294], 0, 'BLACK')),
 (5985, ([3233, 2254, 212, 2023, 2728, 2557, 3805, 5716, 2650, 1265, 3594, 4654, 6359, 4454, 2249, 5874, 2184, 4236, 505], 9999, 'WHITE')),
 (271, ([4935, 5716, 4309, 3829, 5794, 3405, 4929, 1449, 2940, 1935, 516, 2439, 4382, 9574, 3305, 5929], 9999, 'WHITE'))]
